5631606188|
5631606991|
5631607216|
5631607239|
5631607392|
5631606810|
5631606188|
5631606991|
5631607216|
5631607239|
5631607392|
5631606810|
5631606188|
5631606991|
5631607216|
5631607239|
5631607392|
5631606810|
5631606188|
5631606991|
5631607216|
5631607239|
5631607392|
5631606810|
5631606188|
5631606991|
5631607216|
5631607239|
5631607392|
5631606810|
5631606188|
5631606991|
5631607216|
5631607239|
5631607392|
5631606810|
5631606188|
5631606991|
5631607216|
5631607239|
5631607392|
5631606810|
